alpha =  1.0
model =  Alzueta
phi_list =  [[0.14, 0.5813953488372094], [0.14764705882352944, 0.6186532584048114], [0.15529411764705883, 0.6565857540787903], [0.16294117647058826, 0.6952113241642407], [0.17058823529411765, 0.7345491388044582], [0.17823529411764708, 0.774619081705696], [0.1858823529411765, 0.8154417836498764], [0.1935294117647059, 0.8570386579139315], [0.20117647058823532, 0.8994319377235432], [0.20882352941176474, 0.942644715878917], [0.21647058823529414, 0.9867009867009868], [0.22411764705882353, 1.0316256904581396], [0.23176470588235296, 1.077444760446292], [0.23941176470588238, 1.124185172909071], [0.24705882352941178, 1.171875], [0.2547058823529412, 1.220543466005187], [0.2623529411764706, 1.2702210070631128], [0.27, 1.320939334637965], [0.27764705882352947, 1.372731503024663], [0.2852941176470588, 1.4256319811875369], [0.29294117647058826, 1.4796767292607562], [0.30058823529411766, 1.5349032800672833], [0.30823529411764705, 1.5913508260447036], [0.3158823529411765, 1.649060312000983], [0.3235294117647059, 1.708074534161491], [0.3311764705882353, 1.7684382460108055], [0.33882352941176475, 1.8301982714794107], [0.34647058823529414, 1.8934036260768938], [0.35411764705882354, 1.958105646630237], [0.361764705882353, 2.0243581303489147], [0.3694117647058824, 2.092217484008529], [0.3770588235294118, 2.161742884122488], [0.38470588235294123, 2.232996449057635], [0.3923529411764706, 2.306043424146038], [0.4, 2.3809523809523814]]
model =  epsNH3-300K
phi_list =  [[0.14, 0.5813953488372094], [0.14764705882352944, 0.6186532584048114], [0.15529411764705883, 0.6565857540787903], [0.16294117647058826, 0.6952113241642407], [0.17058823529411765, 0.7345491388044582], [0.17823529411764708, 0.774619081705696], [0.1858823529411765, 0.8154417836498764], [0.1935294117647059, 0.8570386579139315], [0.20117647058823532, 0.8994319377235432], [0.20882352941176474, 0.942644715878917], [0.21647058823529414, 0.9867009867009868], [0.22411764705882353, 1.0316256904581396], [0.23176470588235296, 1.077444760446292], [0.23941176470588238, 1.124185172909071], [0.24705882352941178, 1.171875], [0.2547058823529412, 1.220543466005187], [0.2623529411764706, 1.2702210070631128], [0.27, 1.320939334637965], [0.27764705882352947, 1.372731503024663], [0.2852941176470588, 1.4256319811875369], [0.29294117647058826, 1.4796767292607562], [0.30058823529411766, 1.5349032800672833], [0.30823529411764705, 1.5913508260447036], [0.3158823529411765, 1.649060312000983], [0.3235294117647059, 1.708074534161491], [0.3311764705882353, 1.7684382460108055], [0.33882352941176475, 1.8301982714794107], [0.34647058823529414, 1.8934036260768938], [0.35411764705882354, 1.958105646630237], [0.361764705882353, 2.0243581303489147], [0.3694117647058824, 2.092217484008529], [0.3770588235294118, 2.161742884122488], [0.38470588235294123, 2.232996449057635], [0.3923529411764706, 2.306043424146038], [0.4, 2.3809523809523814]]
model =  epsNH3-2000K
phi_list =  [[0.14, 0.5813953488372094], [0.14764705882352944, 0.6186532584048114], [0.15529411764705883, 0.6565857540787903], [0.16294117647058826, 0.6952113241642407], [0.17058823529411765, 0.7345491388044582], [0.17823529411764708, 0.774619081705696], [0.1858823529411765, 0.8154417836498764], [0.1935294117647059, 0.8570386579139315], [0.20117647058823532, 0.8994319377235432], [0.20882352941176474, 0.942644715878917], [0.21647058823529414, 0.9867009867009868], [0.22411764705882353, 1.0316256904581396], [0.23176470588235296, 1.077444760446292], [0.23941176470588238, 1.124185172909071], [0.24705882352941178, 1.171875], [0.2547058823529412, 1.220543466005187], [0.2623529411764706, 1.2702210070631128], [0.27, 1.320939334637965], [0.27764705882352947, 1.372731503024663], [0.2852941176470588, 1.4256319811875369], [0.29294117647058826, 1.4796767292607562], [0.30058823529411766, 1.5349032800672833], [0.30823529411764705, 1.5913508260447036], [0.3158823529411765, 1.649060312000983], [0.3235294117647059, 1.708074534161491], [0.3311764705882353, 1.7684382460108055], [0.33882352941176475, 1.8301982714794107], [0.34647058823529414, 1.8934036260768938], [0.35411764705882354, 1.958105646630237], [0.361764705882353, 2.0243581303489147], [0.3694117647058824, 2.092217484008529], [0.3770588235294118, 2.161742884122488], [0.38470588235294123, 2.232996449057635], [0.3923529411764706, 2.306043424146038], [0.4, 2.3809523809523814]]
model =  LMR-R
phi_list =  [[0.14, 0.5813953488372094], [0.14764705882352944, 0.6186532584048114], [0.15529411764705883, 0.6565857540787903], [0.16294117647058826, 0.6952113241642407], [0.17058823529411765, 0.7345491388044582], [0.17823529411764708, 0.774619081705696], [0.1858823529411765, 0.8154417836498764], [0.1935294117647059, 0.8570386579139315], [0.20117647058823532, 0.8994319377235432], [0.20882352941176474, 0.942644715878917], [0.21647058823529414, 0.9867009867009868], [0.22411764705882353, 1.0316256904581396], [0.23176470588235296, 1.077444760446292], [0.23941176470588238, 1.124185172909071], [0.24705882352941178, 1.171875], [0.2547058823529412, 1.220543466005187], [0.2623529411764706, 1.2702210070631128], [0.27, 1.320939334637965], [0.27764705882352947, 1.372731503024663], [0.2852941176470588, 1.4256319811875369], [0.29294117647058826, 1.4796767292607562], [0.30058823529411766, 1.5349032800672833], [0.30823529411764705, 1.5913508260447036], [0.3158823529411765, 1.649060312000983], [0.3235294117647059, 1.708074534161491], [0.3311764705882353, 1.7684382460108055], [0.33882352941176475, 1.8301982714794107], [0.34647058823529414, 1.8934036260768938], [0.35411764705882354, 1.958105646630237], [0.361764705882353, 2.0243581303489147], [0.3694117647058824, 2.092217484008529], [0.3770588235294118, 2.161742884122488], [0.38470588235294123, 2.232996449057635], [0.3923529411764706, 2.306043424146038], [0.4, 2.3809523809523814]]
model =  epsALL-300K
phi_list =  [[0.14, 0.5813953488372094], [0.14764705882352944, 0.6186532584048114], [0.15529411764705883, 0.6565857540787903], [0.16294117647058826, 0.6952113241642407], [0.17058823529411765, 0.7345491388044582], [0.17823529411764708, 0.774619081705696], [0.1858823529411765, 0.8154417836498764], [0.1935294117647059, 0.8570386579139315], [0.20117647058823532, 0.8994319377235432], [0.20882352941176474, 0.942644715878917], [0.21647058823529414, 0.9867009867009868], [0.22411764705882353, 1.0316256904581396], [0.23176470588235296, 1.077444760446292], [0.23941176470588238, 1.124185172909071], [0.24705882352941178, 1.171875], [0.2547058823529412, 1.220543466005187], [0.2623529411764706, 1.2702210070631128], [0.27, 1.320939334637965], [0.27764705882352947, 1.372731503024663], [0.2852941176470588, 1.4256319811875369], [0.29294117647058826, 1.4796767292607562], [0.30058823529411766, 1.5349032800672833], [0.30823529411764705, 1.5913508260447036], [0.3158823529411765, 1.649060312000983], [0.3235294117647059, 1.708074534161491], [0.3311764705882353, 1.7684382460108055], [0.33882352941176475, 1.8301982714794107], [0.34647058823529414, 1.8934036260768938], [0.35411764705882354, 1.958105646630237], [0.361764705882353, 2.0243581303489147], [0.3694117647058824, 2.092217484008529], [0.3770588235294118, 2.161742884122488], [0.38470588235294123, 2.232996449057635], [0.3923529411764706, 2.306043424146038], [0.4, 2.3809523809523814]]
model =  epsALL-2000K
phi_list =  [[0.14, 0.5813953488372094], [0.14764705882352944, 0.6186532584048114], [0.15529411764705883, 0.6565857540787903], [0.16294117647058826, 0.6952113241642407], [0.17058823529411765, 0.7345491388044582], [0.17823529411764708, 0.774619081705696], [0.1858823529411765, 0.8154417836498764], [0.1935294117647059, 0.8570386579139315], [0.20117647058823532, 0.8994319377235432], [0.20882352941176474, 0.942644715878917], [0.21647058823529414, 0.9867009867009868], [0.22411764705882353, 1.0316256904581396], [0.23176470588235296, 1.077444760446292], [0.23941176470588238, 1.124185172909071], [0.24705882352941178, 1.171875], [0.2547058823529412, 1.220543466005187], [0.2623529411764706, 1.2702210070631128], [0.27, 1.320939334637965], [0.27764705882352947, 1.372731503024663], [0.2852941176470588, 1.4256319811875369], [0.29294117647058826, 1.4796767292607562], [0.30058823529411766, 1.5349032800672833], [0.30823529411764705, 1.5913508260447036], [0.3158823529411765, 1.649060312000983], [0.3235294117647059, 1.708074534161491], [0.3311764705882353, 1.7684382460108055], [0.33882352941176475, 1.8301982714794107], [0.34647058823529414, 1.8934036260768938], [0.35411764705882354, 1.958105646630237], [0.361764705882353, 2.0243581303489147], [0.3694117647058824, 2.092217484008529], [0.3770588235294118, 2.161742884122488], [0.38470588235294123, 2.232996449057635], [0.3923529411764706, 2.306043424146038], [0.4, 2.3809523809523814]]
model =  LMR-R-extra
phi_list =  [[0.14, 0.5813953488372094], [0.14764705882352944, 0.6186532584048114], [0.15529411764705883, 0.6565857540787903], [0.16294117647058826, 0.6952113241642407], [0.17058823529411765, 0.7345491388044582], [0.17823529411764708, 0.774619081705696], [0.1858823529411765, 0.8154417836498764], [0.1935294117647059, 0.8570386579139315], [0.20117647058823532, 0.8994319377235432], [0.20882352941176474, 0.942644715878917], [0.21647058823529414, 0.9867009867009868], [0.22411764705882353, 1.0316256904581396], [0.23176470588235296, 1.077444760446292], [0.23941176470588238, 1.124185172909071], [0.24705882352941178, 1.171875], [0.2547058823529412, 1.220543466005187], [0.2623529411764706, 1.2702210070631128], [0.27, 1.320939334637965], [0.27764705882352947, 1.372731503024663], [0.2852941176470588, 1.4256319811875369], [0.29294117647058826, 1.4796767292607562], [0.30058823529411766, 1.5349032800672833], [0.30823529411764705, 1.5913508260447036], [0.3158823529411765, 1.649060312000983], [0.3235294117647059, 1.708074534161491], [0.3311764705882353, 1.7684382460108055], [0.33882352941176475, 1.8301982714794107], [0.34647058823529414, 1.8934036260768938], [0.35411764705882354, 1.958105646630237], [0.361764705882353, 2.0243581303489147], [0.3694117647058824, 2.092217484008529], [0.3770588235294118, 2.161742884122488], [0.38470588235294123, 2.232996449057635], [0.3923529411764706, 2.306043424146038], [0.4, 2.3809523809523814]]
alpha =  0.6
model =  Alzueta
phi_list =  [[0.14, 0.5038759689922482], [0.14764705882352944, 0.5361661572841699], [0.15529411764705883, 0.569040986868285], [0.16294117647058826, 0.6025164809423419], [0.17058823529411765, 0.6366092536305303], [0.17823529411764708, 0.6713365374782699], [0.1858823529411765, 0.7067162124965596], [0.1935294117647059, 0.7427668368587407], [0.20117647058823532, 0.7795076793604042], [0.20882352941176474, 0.8169587537617281], [0.21647058823529414, 0.8551408551408554], [0.22411764705882353, 0.8940755983970543], [0.23176470588235296, 0.9337854590534531], [0.23941176470588238, 0.974293816521195], [0.24705882352941178, 1.015625], [0.2547058823529412, 1.0578043372044954], [0.2623529411764706, 1.1008582061213645], [0.27, 1.1448140900195696], [0.27764705882352947, 1.189700635954708], [0.2852941176470588, 1.2355477170291986], [0.29294117647058826, 1.2823864986926554], [0.30058823529411766, 1.3302495093916455], [0.30823529411764705, 1.3791707159054098], [0.3158823529411765, 1.4291856037341855], [0.3235294117647059, 1.4803312629399588], [0.3311764705882353, 1.5326464798760315], [0.33882352941176475, 1.586171835282156], [0.34647058823529414, 1.6409498092666415], [0.35411764705882354, 1.6970248937462054], [0.361764705882353, 1.7544437129690593], [0.3694117647058824, 1.8132551528073917], [0.3770588235294118, 1.873510499572823], [0.38470588235294123, 1.935263589183284], [0.3923529411764706, 1.9985709675932333], [0.4, 2.0634920634920637]]
model =  epsNH3-300K
phi_list =  [[0.14, 0.5038759689922482], [0.14764705882352944, 0.5361661572841699], [0.15529411764705883, 0.569040986868285], [0.16294117647058826, 0.6025164809423419], [0.17058823529411765, 0.6366092536305303], [0.17823529411764708, 0.6713365374782699], [0.1858823529411765, 0.7067162124965596], [0.1935294117647059, 0.7427668368587407], [0.20117647058823532, 0.7795076793604042], [0.20882352941176474, 0.8169587537617281], [0.21647058823529414, 0.8551408551408554], [0.22411764705882353, 0.8940755983970543], [0.23176470588235296, 0.9337854590534531], [0.23941176470588238, 0.974293816521195], [0.24705882352941178, 1.015625], [0.2547058823529412, 1.0578043372044954], [0.2623529411764706, 1.1008582061213645], [0.27, 1.1448140900195696], [0.27764705882352947, 1.189700635954708], [0.2852941176470588, 1.2355477170291986], [0.29294117647058826, 1.2823864986926554], [0.30058823529411766, 1.3302495093916455], [0.30823529411764705, 1.3791707159054098], [0.3158823529411765, 1.4291856037341855], [0.3235294117647059, 1.4803312629399588], [0.3311764705882353, 1.5326464798760315], [0.33882352941176475, 1.586171835282156], [0.34647058823529414, 1.6409498092666415], [0.35411764705882354, 1.6970248937462054], [0.361764705882353, 1.7544437129690593], [0.3694117647058824, 1.8132551528073917], [0.3770588235294118, 1.873510499572823], [0.38470588235294123, 1.935263589183284], [0.3923529411764706, 1.9985709675932333], [0.4, 2.0634920634920637]]
model =  epsNH3-2000K
phi_list =  [[0.14, 0.5038759689922482], [0.14764705882352944, 0.5361661572841699], [0.15529411764705883, 0.569040986868285], [0.16294117647058826, 0.6025164809423419], [0.17058823529411765, 0.6366092536305303], [0.17823529411764708, 0.6713365374782699], [0.1858823529411765, 0.7067162124965596], [0.1935294117647059, 0.7427668368587407], [0.20117647058823532, 0.7795076793604042], [0.20882352941176474, 0.8169587537617281], [0.21647058823529414, 0.8551408551408554], [0.22411764705882353, 0.8940755983970543], [0.23176470588235296, 0.9337854590534531], [0.23941176470588238, 0.974293816521195], [0.24705882352941178, 1.015625], [0.2547058823529412, 1.0578043372044954], [0.2623529411764706, 1.1008582061213645], [0.27, 1.1448140900195696], [0.27764705882352947, 1.189700635954708], [0.2852941176470588, 1.2355477170291986], [0.29294117647058826, 1.2823864986926554], [0.30058823529411766, 1.3302495093916455], [0.30823529411764705, 1.3791707159054098], [0.3158823529411765, 1.4291856037341855], [0.3235294117647059, 1.4803312629399588], [0.3311764705882353, 1.5326464798760315], [0.33882352941176475, 1.586171835282156], [0.34647058823529414, 1.6409498092666415], [0.35411764705882354, 1.6970248937462054], [0.361764705882353, 1.7544437129690593], [0.3694117647058824, 1.8132551528073917], [0.3770588235294118, 1.873510499572823], [0.38470588235294123, 1.935263589183284], [0.3923529411764706, 1.9985709675932333], [0.4, 2.0634920634920637]]
model =  LMR-R
phi_list =  [[0.14, 0.5038759689922482], [0.14764705882352944, 0.5361661572841699], [0.15529411764705883, 0.569040986868285], [0.16294117647058826, 0.6025164809423419], [0.17058823529411765, 0.6366092536305303], [0.17823529411764708, 0.6713365374782699], [0.1858823529411765, 0.7067162124965596], [0.1935294117647059, 0.7427668368587407], [0.20117647058823532, 0.7795076793604042], [0.20882352941176474, 0.8169587537617281], [0.21647058823529414, 0.8551408551408554], [0.22411764705882353, 0.8940755983970543], [0.23176470588235296, 0.9337854590534531], [0.23941176470588238, 0.974293816521195], [0.24705882352941178, 1.015625], [0.2547058823529412, 1.0578043372044954], [0.2623529411764706, 1.1008582061213645], [0.27, 1.1448140900195696], [0.27764705882352947, 1.189700635954708], [0.2852941176470588, 1.2355477170291986], [0.29294117647058826, 1.2823864986926554], [0.30058823529411766, 1.3302495093916455], [0.30823529411764705, 1.3791707159054098], [0.3158823529411765, 1.4291856037341855], [0.3235294117647059, 1.4803312629399588], [0.3311764705882353, 1.5326464798760315], [0.33882352941176475, 1.586171835282156], [0.34647058823529414, 1.6409498092666415], [0.35411764705882354, 1.6970248937462054], [0.361764705882353, 1.7544437129690593], [0.3694117647058824, 1.8132551528073917], [0.3770588235294118, 1.873510499572823], [0.38470588235294123, 1.935263589183284], [0.3923529411764706, 1.9985709675932333], [0.4, 2.0634920634920637]]
model =  epsALL-300K
phi_list =  [[0.14, 0.5038759689922482], [0.14764705882352944, 0.5361661572841699], [0.15529411764705883, 0.569040986868285], [0.16294117647058826, 0.6025164809423419], [0.17058823529411765, 0.6366092536305303], [0.17823529411764708, 0.6713365374782699], [0.1858823529411765, 0.7067162124965596], [0.1935294117647059, 0.7427668368587407], [0.20117647058823532, 0.7795076793604042], [0.20882352941176474, 0.8169587537617281], [0.21647058823529414, 0.8551408551408554], [0.22411764705882353, 0.8940755983970543], [0.23176470588235296, 0.9337854590534531], [0.23941176470588238, 0.974293816521195], [0.24705882352941178, 1.015625], [0.2547058823529412, 1.0578043372044954], [0.2623529411764706, 1.1008582061213645], [0.27, 1.1448140900195696], [0.27764705882352947, 1.189700635954708], [0.2852941176470588, 1.2355477170291986], [0.29294117647058826, 1.2823864986926554], [0.30058823529411766, 1.3302495093916455], [0.30823529411764705, 1.3791707159054098], [0.3158823529411765, 1.4291856037341855], [0.3235294117647059, 1.4803312629399588], [0.3311764705882353, 1.5326464798760315], [0.33882352941176475, 1.586171835282156], [0.34647058823529414, 1.6409498092666415], [0.35411764705882354, 1.6970248937462054], [0.361764705882353, 1.7544437129690593], [0.3694117647058824, 1.8132551528073917], [0.3770588235294118, 1.873510499572823], [0.38470588235294123, 1.935263589183284], [0.3923529411764706, 1.9985709675932333], [0.4, 2.0634920634920637]]
model =  epsALL-2000K
phi_list =  [[0.14, 0.5038759689922482], [0.14764705882352944, 0.5361661572841699], [0.15529411764705883, 0.569040986868285], [0.16294117647058826, 0.6025164809423419], [0.17058823529411765, 0.6366092536305303], [0.17823529411764708, 0.6713365374782699], [0.1858823529411765, 0.7067162124965596], [0.1935294117647059, 0.7427668368587407], [0.20117647058823532, 0.7795076793604042], [0.20882352941176474, 0.8169587537617281], [0.21647058823529414, 0.8551408551408554], [0.22411764705882353, 0.8940755983970543], [0.23176470588235296, 0.9337854590534531], [0.23941176470588238, 0.974293816521195], [0.24705882352941178, 1.015625], [0.2547058823529412, 1.0578043372044954], [0.2623529411764706, 1.1008582061213645], [0.27, 1.1448140900195696], [0.27764705882352947, 1.189700635954708], [0.2852941176470588, 1.2355477170291986], [0.29294117647058826, 1.2823864986926554], [0.30058823529411766, 1.3302495093916455], [0.30823529411764705, 1.3791707159054098], [0.3158823529411765, 1.4291856037341855], [0.3235294117647059, 1.4803312629399588], [0.3311764705882353, 1.5326464798760315], [0.33882352941176475, 1.586171835282156], [0.34647058823529414, 1.6409498092666415], [0.35411764705882354, 1.6970248937462054], [0.361764705882353, 1.7544437129690593], [0.3694117647058824, 1.8132551528073917], [0.3770588235294118, 1.873510499572823], [0.38470588235294123, 1.935263589183284], [0.3923529411764706, 1.9985709675932333], [0.4, 2.0634920634920637]]
model =  LMR-R-extra
phi_list =  [[0.14, 0.5038759689922482], [0.14764705882352944, 0.5361661572841699], [0.15529411764705883, 0.569040986868285], [0.16294117647058826, 0.6025164809423419], [0.17058823529411765, 0.6366092536305303], [0.17823529411764708, 0.6713365374782699], [0.1858823529411765, 0.7067162124965596], [0.1935294117647059, 0.7427668368587407], [0.20117647058823532, 0.7795076793604042], [0.20882352941176474, 0.8169587537617281], [0.21647058823529414, 0.8551408551408554], [0.22411764705882353, 0.8940755983970543], [0.23176470588235296, 0.9337854590534531], [0.23941176470588238, 0.974293816521195], [0.24705882352941178, 1.015625], [0.2547058823529412, 1.0578043372044954], [0.2623529411764706, 1.1008582061213645], [0.27, 1.1448140900195696], [0.27764705882352947, 1.189700635954708], [0.2852941176470588, 1.2355477170291986], [0.29294117647058826, 1.2823864986926554], [0.30058823529411766, 1.3302495093916455], [0.30823529411764705, 1.3791707159054098], [0.3158823529411765, 1.4291856037341855], [0.3235294117647059, 1.4803312629399588], [0.3311764705882353, 1.5326464798760315], [0.33882352941176475, 1.586171835282156], [0.34647058823529414, 1.6409498092666415], [0.35411764705882354, 1.6970248937462054], [0.361764705882353, 1.7544437129690593], [0.3694117647058824, 1.8132551528073917], [0.3770588235294118, 1.873510499572823], [0.38470588235294123, 1.935263589183284], [0.3923529411764706, 1.9985709675932333], [0.4, 2.0634920634920637]]
